1BA 64 12 7
1BB 64 5 16
1BC 64 6 16
1BD 64 4 16
1BE 48 3 16
1BF 63 3 21
1BG 64 4 16
1BH 46 3 16
1BI 32 2 16
1NA 64 4 16
1NB 64 13 6
1NC 64 10 14
1ND 64 9 21
1NE 64 8 8
1NF 64 16 4
1NG 64 16 4
1NH 48 12 4
1NI 56 14 4
1NJ 40 10 4
1NK 40 10 4
1NL 64 5 18
1NM 64 5 15
1NN 64 5 14
2BA 64 4 16
2BB 64 4 16
2BC 64 2 32
2BD 64 4 16
2BE 64 4 16
2BF 64 4 16
2BG 64 4 16
2BH 64 4 16
2BI 48 3 16
2BJ 48 3 16
2BK 64 4 16
2BL 64 2 32
2BM 64 4 16
2BN 64 2 32
2BO 64 2 32
2BP 64 2 32
2BQ 64 2 32
2BR 64 2 32
2BS 62 2 32
2BT 48 4 12
2BU 64 2 32
2BV 64 2 32
2BW 64 2 32
2BX 64 2 32
2BY 62 2 32
2Ba1 62 3 34
2Bb1 49 4 16
2Bc1 39 2 25
2Bd1 32 3 16
2Be1 50 6 12
2Bf1 64 5 24
2Bg1 64 3 28
2Bh1 57 4 20
2Bi1 40 6 12
2Bm1 64 7 16
2Bn1 58 5 17
2Bp1 64 5 16
2Bt1 64 18 8
2Bu1 60 4 15
2Bv1 64 4 16
2Bv2 64 4 16
2Bv3 64 4 16
2Bv4 64 4 16
2Bv5 64 4 16
2NA 64 4 16
2NB 64 4 16
2NC 64 4 16
2NE 64 8 8
2NF 64 8 8
2NG 64 8 8
2NH 64 16 4
2NI 64 16 4
2NJ 64 16 4
2NK 52 13 4
2NL 56 14 4
2NM 55 5 11
2NN 60 15 4
2Na1 62 11 8
2Nb1 60 19 4
2Nc1 59 14 6
2Nd1 46 11 6
2Ne1 64 17 4
2Nf1 31 12 4
2Ng1 57 16 6
2Ni1 60 24 4
2Nj1 63 16 4
2Nk1 57 6 11
2Nl1 64 6 11
2Nm1 64 7 16
2Nn1 58 5 17
2No1 54 19 7
2Np1 64 5 16
2Nq1 48 6 8
2Nr1 54 6 9
2Ns1 60 6 10
2Nt1 64 18 8
2Nu1 60 4 15
2Nv1 64 4 16
2Nv2 64 4 16
2Nv3 64 4 16
2Nv4 64 4 16
2Nv5 64 4 16
2Nw1 64 10 8
A1 64 9 8
A10 64 2 55
A11 64 2 56
A12 64 2 38
A13 64 2 57
A14 64 2 60
A15 64 2 62
A16 64 2 48
A17 64 2 48
A18 64 2 48
A19 64 2 48
A2 64 5 14
A20 64 2 48
A3 64 6 13
A4 64 6 12
A5 64 7 12
A6 64 7 11
A7 64 6 11
A8 64 3 27
A9 64 2 54
C1 64 7 10
C10 64 3 36
C2 64 7 10
C3 64 13 10
C4 64 16 6
C5 64 11 7
C6 64 2 48
C7 64 2 48
C8 64 2 48
C9 64 3 36
E1 64 5 15
E10 64 4 43
E11 64 4 45
E12 64 3 47
E13 64 4 53
E14 64 4 59
E15 64 3 61
E16 64 3 60
E17 64 2 64
E18 64 2 63
E19 64 2 63
E2 64 8 14
E3 64 9 12
E4 64 10 11
E5 64 10 10
E6 64 8 9
E7 64 5 17
E8 64 3 28
E9 64 4 40
I1 64 1 64
L1 64 20 4
L10 64 2 48
L18 48 2 40
L19 64 2 48
L2 64 20 4
L20 64 2 48
L3 64 20 4
L4 64 20 4
L5 64 2 40
L6 64 2 40
L7 64 2 40
L8 64 2 40
L9 64 2 48
O1 64 8 8
O10 64 2 32
O11 64 2 32
O12 64 2 32
O2 64 8 8
O21 64 8 8
O22 64 8 8
O23 64 2 32
O24 64 2 32
O25 64 2 32
O26 64 4 16
O27 64 8 8
O3 64 16 4
O4 64 16 4
O5 56 28 2
O6 56 28 2
O7 56 28 2
O8 56 28 2
O9 64 2 32
P1 64 16 5
P2 64 16 5
P3 64 14 5
P4 64 14 5
Q1 64 14 5
Q2 64 14 5
Q3 64 16 5
Q4 64 16 5
S0 64 2 40
S1 64 3 40
S2 64 2 32
S3 64 3 40
S4 64 1 64
S5 48 2 40
S6 64 2 32
S7 64 3 40
S8 64 2 40
Z1 64 3 40
Z2 64 3 40
Z3 64 3 40
Z4 64 3 40
Z5 64 3 40
